6.08124E+01  -5.45195E+01 1.00000E+06 
7.34373E+01  -4.95756E+01 7.94302E+05 
8.18636E+01  -4.93252E+01 6.30916E+05 
8.58544E+01  -3.83457E+01 5.01138E+05 
1.01073E+02  -4.59948E+01 3.98055E+05 
1.06147E+02  -3.96144E+01 3.16176E+05 
1.10117E+02  -3.37267E+01 2.51140E+05 
1.12895E+02  -2.88081E+01 1.99481E+05 
1.25933E+02  -2.11726E+01 1.58448E+05 
1.15579E+02  -2.17698E+01 1.25856E+05 
1.18757E+02  -1.90571E+01 9.99675E+04 
1.20112E+02  -1.75916E+01 7.94044E+04 
1.21754E+02  -1.64729E+01 6.30711E+04 
1.21674E+02  -1.63100E+01 5.00976E+04 
1.22492E+02  -1.57700E+01 3.97926E+04 
1.23588E+02  -1.58883E+01 3.16074E+04 
1.24951E+02  -1.81317E+01 2.51058E+04 
1.27003E+02  -1.78232E+01 1.99416E+04 
1.27944E+02  -2.03675E+01 1.58397E+04 
1.30365E+02  -2.26947E+01 1.25815E+04 
1.33220E+02  -2.45192E+01 9.99350E+03 
1.35948E+02  -2.71717E+01 7.93786E+03 
1.38951E+02  -3.03584E+01 6.30507E+03 
1.42623E+02  -3.42683E+01 5.00813E+03 
1.46528E+02  -3.82994E+01 3.97797E+03 
1.50915E+02  -4.29905E+01 3.15971E+03 
1.56056E+02  -4.87276E+01 2.50977E+03 
1.61516E+02  -5.48503E+01 1.99351E+03 
1.67833E+02  -6.20668E+01 1.58345E+03 
1.75090E+02  -7.04064E+01 1.25774E+03 
1.82652E+02  -8.07885E+01 9.99026E+02 
1.92089E+02  -9.14209E+01 7.93529E+02 
2.02827E+02  -1.03359E+02 6.30302E+02 
2.15312E+02  -1.17206E+02 5.00650E+02 
2.29836E+02  -1.32706E+02 3.97668E+02 
2.46752E+02  -1.50151E+02 3.15868E+02 
2.66591E+02  -1.69357E+02 2.50895E+02 
2.89999E+02  -1.90482E+02 1.99287E+02 
3.17197E+02  -2.13264E+02 1.58294E+02 
3.48710E+02  -2.37131E+02 1.25733E+02 
3.85638E+02  -2.60837E+02 9.98701E+01 
4.26834E+02  -2.84683E+02 7.93271E+01 
4.72545E+02  -3.07666E+02 6.30097E+01 
5.14469E+02  -3.25110E+02 5.20000E+01 
5.76933E+02  -3.47006E+02 3.97538E+01 
6.33160E+02  -3.63257E+02 3.15766E+01 
6.90837E+02  -3.76334E+02 2.50814E+01 
7.48437E+02  -3.87675E+02 1.99222E+01 
8.06346E+02  -3.98236E+02 1.58242E+01 
8.63178E+02  -4.09281E+02 1.25692E+01 
9.18047E+02  -4.20856E+02 9.98377E+00 
9.72773E+02  -4.34721E+02 7.93013E+00 
1.02592E+03  -4.53575E+02 6.29892E+00 
1.07947E+03  -4.77455E+02 5.00325E+00 
1.13366E+03  -5.06761E+02 3.97409E+00 
1.18483E+03  -5.47135E+02 3.15663E+00 
1.23787E+03  -5.97254E+02 2.50732E+00 
1.30021E+03  -6.57222E+02 1.99157E+00 
1.35862E+03  -7.26266E+02 1.58191E+00 
1.42263E+03  -8.29600E+02 1.25651E+00 
1.48269E+03  -9.34863E+02 9.98053E-01 
1.55528E+03  -1.07100E+03 7.92756E-01 
1.64056E+03  -1.25865E+03 6.29688E-01 
1.72179E+03  -1.45586E+03 5.00162E-01 
1.80749E+03  -1.72720E+03 3.97280E-01 
1.90943E+03  -2.07164E+03 3.15561E-01 
2.03892E+03  -2.47742E+03 2.50651E-01 
2.20136E+03  -2.94631E+03 1.99092E-01 
2.33510E+03  -3.66242E+03 1.58140E-01 
2.52087E+03  -4.36439E+03 1.25611E-01 
2.76354E+03  -5.20174E+03 9.97728E-02 
3.12368E+03  -6.46917E+03 7.92498E-02 
3.49707E+03  -7.86697E+03 6.29483E-02 
3.98407E+03  -9.64120E+03 5.00000E-02 
